00001111111100000000000010010011
11111111111100001110000110010011
00000000000000001000000100110011
00000000001100000000000000100011
00000000001100000001001000100011
00000000001100000010010000100011
00000000000000000000001000000011
00000000010000000001001010000011
00000000100000000010001100000011
00000000101000000110001110010011
00000000011100100110010000110011
00000000101100111100010010010011
00000000011101000100010100110011
00000000110000000111010110010011
00000000011101000111011000110011
11111111111100110100010010010011
00000000010100101100001010110011
00000000010000011001011010010011
00000000011100011001011100110011
00000000001000111101011110010011
00000000000000011101100000110011
00000000011100000000100000010011
00000000011101010000100010110011
01000001000110000000100100110011
01000001000010001000101110110011
00000000000010000010100110010011
00000001001010000010101000110011
01000000001110111101101010010011
01000000011110111101101100110011
00000000010101000000010001100011
00000000000100101000001010010011
00000000000000000000000000010011
00000000001000001000010001100011
00000000000101001000010010010011
00000000000000000000000000010011
00000000011101000001010001100011
00000000000001011000010110010011
00000000000000000000000000010011
00000000010001000001010001100011
00000000000101011000010110010011
00000000000000000000000000010011
00000000100101000100010001100011
11111111111101001000010010010011
00000000000000000000000000010011
00000000100101000100010001100011
00000000100101001100010010110011
00000000000000000000000000010011
00000000100101000101010001100011
00000000110000101000001010010011
00000000000000000000000000010011
00000000011100101101010001100011
00000000010100101100001010110011
00000000000000000000000000010011
00000000100000000000000011101111
00000000101100101000001010010011
00000000111001001000010010010011
00000000110000001000000001100111
00000000000000000000000000010011
